spawns:
  default:
    world: 54387555-c485-47d4-95c5-5d303640e22b
    world-name: world
    x: -208.9405370690417
    y: 101.0
    z: 455.4518197773773
    yaw: 92.47821044921875
    pitch: 56.862491607666016
